-0.05000000118332751,0.2205882394576774
-0.028985508866068245,0.2985507263869479
-0.1599999949336052,0.40000000248352685
-0.05000000186264515,0.3100000020116568
-0.017326733484716698,0.2965346565193469
0.13483146201358753,0.32808989085508194
-0.14500000132247806,0.3125000041909516
0.2000000008514949,0.7142857015132904
-0.16851851923598182,0.3277777819721787
0.18333332985639572,0.2833333338300387
0.0541899453161815,0.24078212678432465
0.21428571215697698,0.38571428614003317
-0.01851851713878137,0.30000000447034836
3.3866275440562854e-09,0.309090911664746
0.1351851851299957,0.32777777893675697
-0.05483870857184933,0.32580645598711505
0.005263158626723708,0.3035087742303547
0.038636363873427566,0.18409091251140292
-0.2488888896173901,0.373333336909612
0.14457831244511776,0.2855421700570957
-0.07500000111758709,0.12500000186264515
-0.16379310421902557,0.31551724415400934
0.09999998924987656,0.44285714466656956
0.0062500000931322575,0.33125000866129994
-0.0687500024214387,0.39375000167638063
-0.12603550329363558,0.335502961771728
0.012658223887033101,0.3670886094811596
0.08679245161319357,0.38598382824434424
-1.064368656703404e-09,0.32857143559626173
-0.24999999720603228,0.5249999919906259
-0.3058823544312926,0.3176470604889533
-0.06666666766007741,0.06666666766007741
0.019587628312946595,0.31649484846395315
-0.01658536631886552,0.29951219784050453
0.07040816178025842,0.34047619240725935
-0.05000000322858492,0.3833333340783914
-0.17714286148548125,0.4428571445601327
-0.13333333532015482,0.13333333532015482
0.05000000447034836,0.3999999985098839
0.15000000223517418,0.15000000223517418
-0.15837837904691696,0.33243243529184446
0.047715736259966335,0.2974619318915503
-0.14333333410322666,0.3300000018129746
-0.2999999974119036,0.44736842222903905
-0.06232006865522803,0.32773073963272076
-0.049514563591445536,0.296116508362652
-0.013363732944263237,0.31732725600837114
-0.0014598566467744591,0.31386861520527054
-0.12877697980017971,0.3258992838237783
-0.0983002834845197,0.3736543939277403
0.0,0.1111111127667957
-0.08333333333333333,0.18333333730697632
-0.23333333805203438,0.3000000057121118
0.11578947488676038,0.33684210740683374
-0.06493506551562965,0.3307359346321651
0.08317307848483324,0.2639423102283707
-0.01705882448483916,0.3464705900672604
-0.16000000192568853,0.35384615728488333
-0.06555555744303597,0.31444444954395295
0.12857143155166081,0.20000000298023224
-0.14966443180037825,0.3684563790091732
0.03270142080518307,0.3454976335732858
-0.09578947628799238,0.3210526358140142
-0.044499180454518145,0.3388615242941137
-0.05773195873984357,0.3484536101753564
-0.31250000558793545,0.3875000085681677
0.028688521719858296,0.33032787096549254
-0.181818182043957,0.36969697046460526
-0.002572347712478454,0.32411575808498255
0.043859649057451044,0.3175438607863167
0.0,0.0
0.0,0.0
0.07996164723759301,0.3618408449687071
-0.01800000119023025,0.33175000292249024
-0.1082152984297647,0.3450424959909477
-0.06346153897734788,0.32115385165581334
-0.02619047640334992,0.3642857160774015
-0.16578947370381733,0.31315789636420577
-0.009999999105930328,0.2980000048875809
-0.06785714377959569,0.38690476438828875
-0.009999999403953552,0.3150000054389238
0.008282475569711734,0.24106364721252072
-0.08005464561487156,0.3521857955416695
-0.05282608784087326,0.3363043510233579
-0.2717948752718094,0.38461538939139783
-0.04518167559977517,0.3161664058960947
-0.12767402555774549,0.34499151378566423
-0.030000001274877123,0.27666666963034203
-0.13524590255539926,0.31229508503294384
-0.08430821230662285,0.3286276747827723
-0.02321428825546588,0.3321428594977728
0.4166666679084301,0.4166666679084301
-0.03404870086891121,0.3553033450443883
-0.06477272933857008,0.3443181850016117
-0.11860465310340704,0.24418605101663013
-0.053767259048639666,0.3233530598485023
-0.05151515092813608,0.37878788036830496
0.0004264377613565815,0.34243070569310363
0.23333333432674408,0.3666666696468989
-0.04583333479240537,0.2791666688087086
-0.2272727279500528,0.3181818215684457
-0.191250002104789,0.36375000244006517
-0.11904762099896159,0.3428571449504012
-0.1026954195878041,0.34959569042556904
-0.17168141855339034,0.3982300908032772
0.07333333399146795,0.2250000041599075
-0.19433962441277955,0.4144654101077116
-0.06470588346322377,0.3549019647579567
0.0,0.0
-0.14252775496493844,0.35738685249925983
-0.21111111094554266,0.2777777802613046
-0.6333333303531011,0.6333333303531011
0.03763440595839613,0.32150537744965607
-0.07765957427785751,0.26914893978453697
-0.1757322193189645,0.3757322212392815
-0.1318634430616882,0.35633001754200816
-0.11299270155438541,0.31591241160665984
-0.004827588488315714,0.3468965534506173
0.04720616550229648,0.3169556854719831
-0.12631579370875107,0.3578947429594241
-0.007142855652741024,0.2357142897588866
-0.041504540158153046,0.3278858649668836
-0.055555554313792124,0.18888889128963152
-0.0018691596723048487,0.25233645075671024
-0.08556701112346551,0.3350515506163086
-0.1977777803937594,0.3311111153827773
-0.11941747750761439,0.31165048935748996
-0.13555555823776458,0.3400000040729841
-0.05384615464852406,0.3538461568263861
0.3526315732221854,0.5421052586875463
-0.033134329307879976,0.3134328383451967
-0.11235955198494237,0.31685393554775904
-0.04345794443354428,0.32383177788040346
0.057499998807907106,0.3175000011920929
-0.049789031275905636,0.3443037991643832
-0.24680851162114043,0.3617021287692354
-0.03983050933328725,0.31135593448149956
-0.06774193865637626,0.3451612961869086
-0.017256637721990063,0.24911504674010573
-0.03275862182008809,0.23620689865844002
-0.17083333743115267,0.2291666722546021
0.07878787740312442,0.32727272913913535
-0.146153847185465,0.43846154041015184
-0.03888889167595793,0.3388888906273577
-0.17539682647302038,0.33571428764197564
-0.13860000064969064,0.3778000023663044
0.025531915670379678,0.23191489540833107
0.02629310210588677,0.3211206913572447
-0.11597633286869738,0.24970414551228462
0.010948902444682853,0.39197080473612694
0.12033898219213647,0.3101694919800354
-0.09902767470369789,0.3036649238956269
-0.14928825765689072,0.3421708219071512
-0.0481481510731909,0.3592592613012702
0.007500003650784492,0.2775000039488077
-0.13312693666839748,0.3294117677460883
0.05934579353605476,0.3500000020819847
-0.03502673831056146,0.295454548841173
-0.09361702267159806,0.3000000032021644
-0.04333333441366752,0.3083333364998301
-0.1333333345440527,0.25833333547537524
-0.12000000141561032,0.31333333630528715
-0.13835616736379389,0.3958904149189387
-0.03975155292460637,0.22484472338457284
-0.026315791826499135,0.4438596511619133
-0.16315789729879612,0.3175438629430637
-0.05839909959202286,0.3321307810882302
0.33965516713415755,0.4465517196804285
0.007357858968618323,0.3324414730620225
-0.002597403797236356,0.29610389683927807
-0.14074074290692806,0.38148148433753737
-0.14000000149011613,0.31200000405311584
0.08244274988884234,0.1709923690170732
-0.0655913997882156,0.27204301288371446
-0.10363636551932855,0.3309090933339162
-0.10595238235379968,0.29404762183271704
-0.1684210567097915,0.34736842544455276
0.12870370348294577,0.2990740766679799
0.061818182649034444,0.32848485048973197
-0.21111111260122722,0.3222222270237075
-0.06678200899832801,0.3442906602495269
-0.12857143261602946,0.12857143261602946
0.11470588252824895,0.255882355658447
-0.08225806562169906,0.29193548665892693
-0.029411766605049957,0.36928104920909294
-0.029411765582421246,0.1235294149202459
-0.12830188631449105,0.301886795123793
-0.11732283598325384,0.3519685077150976
-0.0657142868081292,0.34219780485708634
-0.06527777978529532,0.3041666714060638
-0.1571428562913622,0.30952381307170507
-0.08636363832788034,0.331818182698705
-0.02538071187014507,0.35329949538114713
-0.04347826184138008,0.2724637714201126
-0.12957746336157894,0.32394366365083505
0.11970802739153813,0.4467153252258788
-0.023404256460514476,0.2659574502960165
-0.18256881026499863,0.34587156362489824
0.009210524688425818,0.28289473929295417
-0.048623853593791296,0.2963302788931295
-0.26451612896816706,0.4193548425551384
-0.10526316009069744,0.3494736865947121
-0.035714290237852504,0.364285717319165
0.0391304330981296,0.28260869759580365
-0.11363636509261348,0.34500000304119155
-0.0648275872756695,0.30206896868245353
0.09542857055153166,0.3377142868297441
0.027695559327496535,0.3143763233440875
0.005415162374181438,0.3361010861579692
-0.03333333513494265,0.3225988730535669
0.07799999713897705,0.31
-0.07081673444950011,0.32539840933840825
-0.06460957236644303,0.3079345115842837
-0.13333333388083812,0.33257576030199276
-0.005741626951112701,0.35502392474258915
-0.19166666869488028,0.29166666977107525
-0.04145749148569609,0.33392712838253996
0.12325581215148748,0.4162790699060573
-0.15912408778702256,0.38686131571766236
-0.11167108840667285,0.3912466874528943
-0.03020833298150036,0.30520833619973725
-0.16304348279600558,0.3239130491147871
-0.11824817672698167,0.2992700744066795
-0.06666666766007741,0.23333333805203438
0.07837838135861061,0.26756757256147023
-0.059555556608570946,0.3137777801685863
-0.06666666865348816,0.31333333601554236
-0.05339806121819227,0.3135922356571966
0.06086956463430239,0.25043478368417077
-0.09532872069253229,0.3434256085010961
-0.04057971150546834,0.2971014530546423
-0.028301885948990874,0.2547169828189994
-0.049999999885375686,0.27307692915201187
-0.11705426464593688,0.29612403406306753
0.010199555668756861,0.3082039933445184
-0.052793297271488765,0.30810056139803466
0.10208333050832152,0.3437500020178656
0.10000000320948087,0.25384615934812105
-0.06848249048110576,0.3256809365308702
-0.1713286730480361,0.3587412625238612
-0.2285714309130396,0.2800000031079565
-0.15822784951593302,0.3949367121993741
0.027777777363856632,0.2611111108627584
-0.18272727246988904,0.3790909114886414
-0.052631581692319164,0.2736842140163246
0.06164383541231286,0.35890411269174866
-0.026229509320415435,0.3628415331000187
-0.10670731743661369,0.30670731932651707
-0.06626506113862417,0.38192771213600435
-0.08264462877649906,0.3272727299327693
-0.14772727120329032,0.4113636380908164
-0.14264706094913623,0.30735294575638633
-0.09256198368042953,0.26115702776130567
-0.025384616622558007,0.3453846178375758
-0.264285712902035,0.36428571545651983
-0.05000000027939677,0.3562500043772161
0.15357142873108387,0.2892857159354857
-0.1944444411330753,0.305555553899871
-0.15229358038771043,0.28623853459817555
0.03629568055816663,0.2786544877850138
0.20000000298023224,0.20000000298023224
0.03499999843537807,0.35100000254809854
-0.0007653072837512104,0.3073979619491313
-0.06074074181141677,0.21481481740872066
-0.0838383850876731,0.31616161936762355
0.00952380984312012,0.25714285973282086
-0.06513761567003136,0.3413761487042685
-0.0977272702889009,0.2840909104455601
0.05301204839923296,0.29156626873167163
-0.028865980195630456,0.35257732230670674
-0.031578947211566726,0.296842109215887
-0.32580645310301937,0.4354838755342268
-0.0663551407114739,0.3112149559588076
-0.08472222286379999,0.3847222246436609
-0.03165618559849337,0.3368972762950561
0.15033556967223652,0.36140939772079056
-0.07580645224465753,0.34170507207032175
-0.09101796453584454,0.36047904461086866
-0.163076922755975,0.36000000169643986
-0.23043478426078093,0.35217391586174135
0.0,0.13333333532015482
0.01105263186128516,0.33842105449814547
-0.07669491669699802,0.341101697961784
-0.038492064982179615,0.32420635217475513
0.13496503124495488,0.41608391394773564
0.008177171573931354,0.2998296443810861
0.006666664282480876,0.3000000029802322
0.05394425894581151,0.3609825236072617
0.214285708963871,0.4714285635522434
0.19347826031887014,0.3743478260934353
-0.1934487044590218,0.34474660415658254
-0.0197336567840911,0.3168280904900652
-0.1960784321029981,0.4117647086580594
-0.11707317180992143,0.3821138235813557
-0.08761062143386993,0.3389380569610975
0.002842376230029481,0.32338501510597784
-0.03555555608537462,0.3577777807911237
-0.0009345810547053256,0.3504672919478372
-0.09696969976930907,0.19393939818396713
0.09812500094994903,0.22562500284984707
0.12857142835855484,0.41428571194410324
-0.18072289291275553,0.3469879563493901
-0.1100386856775911,0.33595744988212733
0.036740427736675775,0.3177028475129734
-0.28333333134651184,0.31666666517655057
-0.16153846434234867,0.3946745590521739
-0.14082840362773139,0.36686390722115364
0.03295819800335111,0.3409967866046444
-0.11739130512527797,0.4304347841635994
0.017065867681257025,0.3156686652778925
-0.12552631628095057,0.3576315819040725
0.03238095052185513,0.3619047645302046
0.049572647573092044,0.36923076855575937
-0.1412280723452568,0.3350877219386268
-0.06718750258442015,0.3146875026402995
0.007999998703598975,0.3280000003427267
-0.0711538468661544,0.3728021995706873
-0.08615917085982525,0.35121107544865987
0.03861386100254437,0.34950495341626725
-0.03519553016850402,0.32569832612848815
-0.1599999999006589,0.30666666974623996
0.05188679055504079,0.35566038097131925
-0.09047618969565346,0.338095238166196
-0.11666666840513547,0.2666666710542308
-0.04021739287544852,0.3097826118540505
0.13668638891016943,0.3414201195952455
-0.11463414868567048,0.3902439045288214
-0.16091954160010677,0.25517241691035786
-0.10000000894069672,0.5000000149011612
0.1222222170068158,0.42222222230500644
-0.005189992294088351,0.3499536627870782
0.019999999446528298,0.28514285892248153
-0.003919694992939783,0.3448374786095455
-0.08554216941078026,0.32650602770498
0.19999999635749394,0.35555554926395416
-0.022058824844220105,0.3102941202438053
0.05000000074505806,0.15000000223517418
-0.09333333472410837,0.3333333378036817
0.07227544828714011,0.33538922408294536
-0.07425742655402363,0.27821782607548307
0.29545453834262764,0.4499999958683144
-0.007106601132959279,0.3309644701971015
-0.12351598225738088,0.4385844751699194
-0.1060000030696392,0.41400000140070914
-0.08326180380301414,0.3141630933903829
0.01895161234443226,0.3415322615314395
0.11999999918043613,0.2950000029057264
0.20714285677032812,0.3571428574089493
-0.11923077014776376,0.3576923127357776
-0.106024097067764,0.3518072332603386
0.14000000208616256,0.3133333370089531
0.0011904759421235039,0.2797619074228264
-0.06116442852823382,0.3500959723377487
-0.09183673560619354,0.37857143109550284
-0.3600000083446503,0.3600000083446503
-0.024215247298302673,0.3408071761909087
-0.16551724384570943,0.3172413799269446
0.06260296528088005,0.3166392116118499
0.09866666545470555,0.34133333414793016
-0.08260869234800339,0.3608695686511371
0.05121951132285886,0.31707317054998585
-0.19452054767984234,0.34794520709204346
-0.009090909960143494,0.36515151782695093
0.002702699990959855,0.3324324349025348
0.10833333156099825,0.34015151705931534
-0.447368417915545,0.5315789454861691
0.011764703647178762,0.20588235447511954
-0.021120690323155503,0.3849137957239973
-0.024089636568094836,0.2817927201797648
-0.360000005364418,0.360000005364418
-0.09074889986656835,0.36035242509343024
-0.0631578960701039,0.3263157947283042
-0.21875000093132257,0.29375000204890966
0.0937007863045208,0.37480315140734505
-0.062162165202804515,0.37837838250640277
0.061570247096463665,0.34338843163626254
0.04566037680180567,0.3656603802206381
0.03311258139989234,0.3006622539648157
-0.1186046537964843,0.42558139735876127
0.0,0.0
0.03214285782139216,0.2178571453717138
0.11604938361747766,0.41234568248928327
0.0698630131066662,0.278082193270938
-0.02216494997444841,0.33247422787946523
-0.20980392118879393,0.3705882355570793
0.03896103770314873,0.3662337665627529
0.08530805574209205,0.38104265483352245
-0.13703703852715315,0.39629629751046497
0.05333333263794581,0.3844444457027647
-0.007843137079594182,0.35294117939238456
-0.02688171994942491,0.306451615627094
-0.0911513865788354,0.34360341460847144
-0.2843137285580822,0.39803921840354506
0.2093023241952408,0.3720930246419685
-0.09016393601405816,0.26065574024544386
-0.06437994750083909,0.24591029246674365
-0.12062500093597919,0.36937500240746884
0.009333332677682242,0.2706666699051857
-0.018681321702488176,0.420879122279175
0.0520618561002397,0.27680412741358745
0.015384613130337153,0.28717949012151134
-0.11156812423222476,0.3280205677399905
0.05454545468091965,0.20000000365755774
-0.026829268329027222,0.3780487803060834
0.014705882079022773,0.36323529465452714
-0.13125000149011612,0.3187500052154064
-0.45000000670552254,0.45000000670552254
0.4399999901652336,0.4799999907612801
0.08688524328782911,0.3721311474676992
-0.1824561427429057,0.31052631891348903
-0.13430657101808674,0.37664233887717674
0.10476190348466237,0.36190476091135115
0.007692304941324087,0.2538461559093915
-0.059574468814312144,0.2765957476927879
0.06186440637556173,0.327966104119511
-0.16250000117967525,0.3125000046566129
0.03293650751076047,0.32896825671195984
0.574999988079071,0.574999988079071
-0.13125000149011612,0.3312500063329935
0.20909090678800235,0.4090909104455601
-0.04176245424254187,0.3168582396717364
-0.10452261218922822,0.3346733693875859
0.029411762796279762,0.3689075660492693
-0.04153846135506263,0.3153846183648476
-0.09999999552965164,0.34000000506639483
-0.049504950790122,0.27524752664093927
0.02857142686843872,0.38285714387893677
-0.0474732012172753,0.3194487013755677
-0.0419847349856646,0.3366412238310312
-0.13482143157827003,0.31160714597042116
-0.029742389167080996,0.28688524909474533
-0.03571428571428571,0.30714285905872074
-0.05135135231791316,0.3594594634062535
-0.06477832654720457,0.29581281058306763
-0.12000000278155008,0.24000000357627868
0.017647060182164696,0.1882352958268979
-0.033333336313565574,0.1666666716337204
-0.030241936955961488,0.30362903516018586
-0.02315789437607715,0.29473684516392257
-0.18571428443704333,0.3514285717691694
-0.02887700557868111,0.29625668783079495
-0.00816326630967004,0.30857142985475305
-0.05531915071162772,0.28936170612243894
0.11415929116506492,0.35044247848270216
-0.1236363642595031,0.2836363669146191
-0.07200000166893006,0.2880000013113022
0.011740472961896235,0.3402677682352115
-0.029657796166922202,0.3201520940706757
-0.031818183421185524,0.3590909108293779
-0.09019608065193775,0.3254901985911762
-0.011650485899841901,0.25436893394849835
0.03692307403454414,0.3569230781151698
0.015151512667988285,0.2939393947070295
-0.10294117822366602,0.31470588726155896
-0.0875000013038516,0.23750000726431608
-0.1333333378036817,0.37777778257926303
-0.14062499976716936,0.41562500479631126
-0.036363636518453625,0.2883116900920868
-0.12142857004489217,0.2214285715350083
-0.044444445178704564,0.34685990732649097
0.10138888739877278,0.31805555667314267
0.01489361676763981,0.35531915391379215
-0.003921569299464132,0.2807843158350271
-0.024096387095121016,0.3285542191421411
0.18734177088812937,0.29873417685680753
-0.09520548066660149,0.36780822169903205
0.01581818029013547,0.3639636383706873
-0.049999999503294625,0.31666667262713116
0.08465608434071617,0.2867724891535189
-0.5666666676600774,0.5666666676600774
0.012676054533098785,0.3619718333365212
-0.050000003539025784,0.3916666678463419
-0.062372189510331806,0.3384458110010697
-0.11333333353201548,0.4200000077486038
-0.32000000059604644,0.4080000030994415
-0.14545455066995186,0.4454545449804176
-0.12580645372790675,0.31290323070941434
0.03142856902309826,0.31428571694663593
-0.001985817143680356,0.35914893781251095
0.018236172662543966,0.3581464897468129
-0.10735293905086377,0.31911764721221786
-0.15398230219045572,0.37876106515131164
-0.19363636503165418,0.3736363678493283
-1.862645149230957e-09,0.2000000048428774
0.11981131790100404,0.35377358413248694
-0.16363636404275894,0.43636363270607864
0.02682926841988796,0.37804878366793077
-0.010000006854534149,0.369999997317791
-0.1312500019557774,0.43125000270083547
0.10000000149011612,0.10000000149011612
-0.03437500260770321,0.4281250024214387
-0.10833333463718493,0.26666667095075053
0.061538462340831754,0.35076923244274577
0.05000000074505806,0.27000000700354576
0.03854166561116775,0.3010416671944161
-0.02307692415311805,0.33760684088636667
-0.17142856759684427,0.22857142559119634
0.05799999967217445,0.43400000140070916
0.14096385752221188,0.35301205147820786
-0.26923077209637714,0.3307692345518332
0.07587719195636741,0.2986842117746148
-0.011727881283563047,0.3481218716338003
-0.09000000059604644,0.2500000029802322
0.0428571416331189,0.2785714313920055
-0.031250001629814506,0.3578125003259629
0.07796610361438687,0.3423728836795031
-0.03822937778663827,0.3219315921156939
0.04528301645000026,0.35849056463196594
-0.08538461608382372,0.33615384760957495
-1.0159882632168856e-09,0.18181818622079762
-0.14444445073604584,0.34444444874922436
-0.1433628326540148,0.35929203796087816
-0.06874999962747097,0.2812500037252903
-0.025757576517685496,0.3631313144031799
0.009740258095326361,0.37467532546876314
-0.009090909301632583,0.31952862255902403
0.07500000091062652,0.30277778001295197
0.019302948390510704,0.33672922474129907
-0.14583333240201077,0.30416666933645803
-0.13571428986532347,0.20714286235826357
-0.07388889114889834,0.3194444480455584
-0.06734006824316802,0.28013468255298307
-0.15555555456214482,0.3444444446100129
-0.09366852945511124,0.3607076373596431
-0.1473684216800489,0.21052631735801697
0.05140187002927343,0.3009345815908686
-0.019999998807907104,0.14000000208616256
0.09234972725637623,0.3524590192026779
0.05000000074505806,0.05000000074505806
0.10000000234161105,0.3114285726632391
-0.05270270399145178,0.3135135163729255
-0.02631578908154839,0.3473684219153304
0.02142856992958557,0.2666666694428949
0.1119999948143959,0.5119999966025353
-0.08423645240185883,0.31083744129377044
-0.09565217339474222,0.3130434777425683
0.06847825913649538,0.3576086970936993
0.028828827513230813,0.3513513524253089
-0.06384615637362004,0.31692307989757795
-0.07500000298023224,0.07500000298023224
0.02131147297923682,0.3311475426813618
0.2625000011175871,0.3625000026077032
0.09999999776482582,0.19999999925494194
-0.0181818183398608,0.3212121238536907
-0.05272727432576093,0.29454545703801244
-0.3764705861754277,0.5588235283160911
0.11000000114242235,0.34333333795269333
-0.05238095298409462,0.30476190699707895
-0.2956521731355916,0.417391304736552
0.08000000268220901,0.12000000327825547
0.037674419235351475,0.3223255839112193
-0.21935483765217564,0.3290322586413353
0.052554026882810065,0.3307465639748484
0.1285714284649917,0.3114285738340446
-0.050241546642377184,0.3420289890921634
0.3333333383003871,0.3333333383003871
-0.08181818642399528,0.2636363695968281
-0.08196721506900474,0.3245901670612273
0.14285713966403688,0.25714285778147833
0.02352940773262697,0.30588235048686757
0.14444444549304467,0.2777777802613046
0.14838709850465098,0.24516129397576855
-0.024468085153939875,0.31595745080329
0.011627907496552134,0.24883721058451852
3.3866275440562856e-10,0.2545454559678381
0.00604838682639022,0.32782258384770924
-0.07482014521420431,0.34676259177194224
-0.03144736921316699,0.31618421289481613
-0.08235294474106208,0.4000000042073867
0.06923076911614491,0.19230769058832756
0.02174248186757956,0.3187355460540184
0.033333333830038704,0.10000000149011612
0.013651876031199684,0.3583617767105059
0.062352938833189944,0.32862745234194923
-0.055686275748645556,0.34862745322433175
-0.1962500013411045,0.30125000327825546
-0.12500000279396772,0.35000000707805157
-0.21707317015019859,0.3780487804878049
-0.020948616235623718,0.28023715676526306
-0.08548387260206285,0.2887096808802697
0.10363635908473622,0.31818181791088795
-0.1312500019557774,0.3125000046566129
-0.11126760540293976,0.2915492992795689
0.026062322342530864,0.33541076756992694
0.033707864415109826,0.3528089910913049
-0.04999999857197205,0.24166666871557632
-0.0701421817049596,0.3127962118500217
0.03943661843806925,0.3554929590351145
0.2000000054637591,0.30000000943740207
-0.016666666449358065,0.24583333746219674
-0.10454545813527974,0.36818182231350377
-0.2052631546792231,0.4473684230133107
-0.07777777810891469,0.23333333598242867
0.10833333432674408,0.25833334028720856
-0.052019889446205794,0.3362958390494916
-0.13051948086781937,0.3097402629527179
-0.00422535175588769,0.3450704241092776
0.01999999876275207,0.3521212144783049
-0.0419999985396862,0.374000002592802
-0.008800000429153442,0.29520000219345094
0.03150684876392965,0.35479452175228565
0.1071428551915146,0.44999999925494194
-0.14782123077015638,0.34804469607562327
0.17499999950329462,0.34166666865348816
-0.013680387883656827,0.3386198575845209
-0.0857142854836725,0.3452380994068725
0.022839505788812667,0.315123459726664
-0.05376344270283176,0.294623658942279
-0.03499999903142452,0.19500000216066837
1.419158208937872e-09,0.21904762231168293
0.07007874143639888,0.19606299575154237
-0.052146598418449645,0.33968586622368396
-0.11250000190921128,0.2687500042375177
-0.0780487811056579,0.2585365886731846
0.12222221949034268,0.31111111202173763
0.014285714498588018,0.3142857179045677
-0.01806167424512855,0.31409691904347375
-4.7896589551653184e-09,0.35714285767504145
-0.26285714230367113,0.3714285729186875
-0.14285713859966823,0.2571428545883724
0.09428571228470121,0.35714285948446817
-0.03636363690549677,0.16363636607473547
-0.007692308571094122,0.2794871828877009
0.11600000232458114,0.23600000411272049
0.03684210228292566,0.3105263176717256
-0.15882353192450954,0.327450984248928
-0.11282051475639017,0.33333333460693687
-0.08627451050515268,0.38823529902626486
-0.034146342153956254,0.3317073181998439
-0.08305084995799146,0.3305084759653625
-0.14878048911327268,0.3517073200970161
-0.05815602912970468,0.3361702143934602
-0.020863312772280877,0.3417266213314996
-0.1275280909508132,0.34325843057438227
-0.06346153740126353,0.25576923314768535
0.15164835186122538,0.3912087940088995
0.10769230843736576,0.2538461550497092
0.1073170740429948,0.3609756118640667
-0.01707317243988921,0.3585365885278074
0.037391302637431935,0.3800000014512435
0.08939393733938535,0.3287878798490221
-0.03513513571622289,0.3007722042184539
-0.040677968475778224,0.35254237636671226
-0.027272727509791202,0.3681818170642311
0.19166667076448599,0.20833333767950535
0.02452830267402361,0.27358490959653314
-0.059433963501228475,0.24056604096911988
0.4448275861555132,0.45862068980932236
0.08399999767541885,0.44399999886751174
0.08648648576156513,0.34054054279585144
-0.04646840215172466,0.33494424027802777
0.12499999565382798,0.37499999565382797
-0.038461539771530655,0.3219780248927546
0.15199999809265136,0.3520000010728836
-0.13076922927911466,0.284615386563998
0.037499998696148396,0.21249999944120646
0.1363636390729384,0.24545454843477768
-0.10000000117967527,0.26666666846722364
0.11688311862481104,0.31948052153184814
-2.446459300482451e-09,0.364179106790628
0.05348837306333143,0.2627907000308813
-0.16119403036227867,0.31641791393952584
-0.17623762587214462,0.289108915420452
0.09328358003230237,0.42164179221240444
-0.26666667064030963,0.3166666713853677
-0.08888888793687026,0.34444444564481574
0.12826086807510126,0.2760869539950205
-0.16666666169961294,0.29999999701976776
0.007305935909758964,0.3607305949681426
-0.16153846623805854,0.2692307766813498
0.06363636085932906,0.3818181858144023
-0.16111111185616916,0.33888889393872684
-0.06806722909462552,0.3840336161000388
0.009999995306134223,0.45000000335276125
-0.023076924567039196,0.28461538809232223
-0.02121212152820645,0.2636363650813247
-0.03711790461337202,0.3262008764012412
0.12812500330619514,0.3031250040512532
-0.0725490209080425,0.29411765005366475
-0.07804878074221494,0.29756097986203867
-0.04000000581145287,0.26000000163912773
0.05000000074505806,0.05000000074505806
-0.045312501045621255,0.32911932062019
0.16521738842129707,0.3717391314389913
-0.19000000581145288,0.290000007301569
-0.0062499986961483955,0.3487500028684735
-0.053164560583573356,0.43037974928753286
-0.27692308162267393,0.33846154407813
-0.05882353160311194,0.3764705916537958
-0.05714285878502593,0.3330612274456997
0.05540540451939042,0.3283783787408391
0.004166667039195697,0.3666666674738129
-0.10487805034329252,0.30000000392518394
-0.03857868074009261,0.2944162457349337
-0.0625000052774946,0.3708333332712452
0.07636363496157256,0.33727272881025616
-0.21250000254561505,0.4291666705782215
-0.28181818398562347,0.3363636393438686
0.2095238133555367,0.41904762387275696
-0.09761904889629,0.29285714668887003
-0.010416670081516108,0.3187500014901161
-0.13333334028720856,0.2666666756073634
-0.09295774691961181,0.3802816938136665
-0.024999999130765598,0.29166667473812896
-0.010000000149011612,0.19000000283122062
0.02222221800022655,0.4222222227189276
0.028131416889798713,0.2856262868281752
-0.03103448579023624,0.3517241436859657
0.04347826346107151,0.2695652220560157
-0.024999999130765598,0.3666666677842538
-0.05543478400163029,0.2858695682624112
-0.10000001142422359,0.46666667113701504
-0.17407407804771705,0.3518518568189056
-0.015517242509743264,0.3568965556292698
0.020000000794728596,0.23333333532015482
-0.16949152845447346,0.2813559358907958
0.16363636742938648,0.20000000433488327
-0.07875000163912774,0.3137500032782555
-0.09705882366089259,0.23823529591455178
-0.20666667222976684,0.23333333929379782
-0.08571428379842214,0.40000000276735853
0.10000000149011612,0.10000000149011612
0.06000000238418579,0.14000000357627868
0.050000001986821495,0.11666666964689891
0.08000000076634543,0.2457142859697342
0.02142856931503938,0.3908163285529127
-0.21333334147930144,0.48000000913937885
-0.06923076997582729,0.4538461563105767
-0.19324324380707097,0.344594596608265
0.04615384493118677,0.2512820546443646
0.20555555199583372,0.33888888814383084
0.009090907871723175,0.3181818215684457
0.1954545443030921,0.38636363737962465
0.02500000037252903,0.27500000037252903
0.04444444262319141,0.24444444560342365
0.04313725086988187,0.3490196107064976
0.25161290120693947,0.32903225527655694
0.04666666438182195,0.2333333338300387
-0.15294117699651158,0.2705882393261966
-0.08461538358376576,0.2538461576287563
0.2749999947845936,0.2749999947845936
0.14000000506639482,0.18000000566244126
-0.026666665077209474,0.20000000298023224
-0.09374999860301614,0.2562500019557774
-0.5,0.5
-2.302906729958274e-09,0.2909090921282768
0.007692304368202503,0.30000000217786205
-0.15000000223517418,0.2500000037252903
-0.11794871910132913,0.2581196611062584
-0.10847457662477332,0.3661016968347259
-0.21999999433755874,0.3399999961256981
-0.32857142814568113,0.38571428614003317
-0.10000000024835269,0.2000000017384688
-0.10400000110268592,0.3560000039637089
-0.08000000032285849,0.26666667076448597
-0.06129032397462476,0.30322580952798167
-0.13684210377304176,0.32631579002267436
-0.050000000124176346,0.16666666977107525
-0.05737705198956317,0.31639344465048586
-0.07311320849606451,0.2683962303442213
-0.16250000149011612,0.4125000052154064
-0.04615384684159206,0.25128205579060775
-2.483526865641276e-09,0.2000000054637591
0.17954545256427742,0.4272727272049947
-0.08666666448116303,0.43333333333333335
-0.09743589905761925,0.320797723285493
-0.033333337555329,0.26666667436559993
0.16538461369390672,0.4230769220739603
-0.11973684271307368,0.35921053029596806
-0.07356322008645398,0.3057471291943528
-0.23714286195380346,0.38000000310795645
0.09210525982474026,0.334210527766692
0.08333332960804303,0.2833333301047484
-0.16000000089406968,0.43000000044703485
-0.02181818051771684,0.36181818477132105
-0.3000000012772424,0.35714285927159445
0.13333333283662796,0.20000000215238994
0.0800000011920929,0.1600000023841858
-0.20000000298023224,0.3333333383003871
-0.30243902608025364,0.40487805127007204
-0.015384615327303227,0.44615384850364465
0.06144578090633254,0.40602409749864093
0.06615384507637757,0.2815384638997225
-0.03749999962747097,0.31250000186264515
0.07500000111758709,0.07500000111758709
-0.10000000024835269,0.2500000049670537
0.15999999791383743,0.19999999850988387
-0.09999999776482582,0.25000000186264515
-0.015506330453142335,0.35284810275122336
-0.0866666649778684,0.29999999950329465
0.17391304240926453,0.33478260969986084
-0.13466666887203851,0.28400000542402265
0.06666666766007741,0.06666666766007741
0.11659750914301616,0.35394191058715846
-0.17142856706465995,0.3714285711092608
-0.18571428874773638,0.37142857456845896
0.1529702956944999,0.3470297035678188
0.08333333248370572,0.38157894874089643
0.08000000417232514,0.24000000655651094
0.5142857027905328,0.5142857027905328
-0.04615384942063919,0.3076923085519901
0.013636361130259254,0.35909090902317653
-0.18813559539237265,0.35932203710584315
-0.14999999850988388,0.32500000204890966
0.13333333532015482,0.13333333532015482
0.2500000074505806,0.2500000074505806
0.007692308093492801,0.3384615392065965
0.13333333283662796,0.36666667213042575
-0.13200000047683716,0.276000000834465
-0.11538461882334489,0.3923076929954382
0.3888888930281003,0.3888888930281003
-0.0071428583136626655,0.25000000266092165
-0.1545454595576633,0.281818190081553
0.09607843207378014,0.25294117921707676
-0.022222222553359136,0.20000000298023224
-0.03142857306769916,0.36000000504510743
-0.03872180657279223,0.3454887233394429
0.12564102407449332,0.2948717958269975
-0.1909090903672305,0.28181818398562347
0.012500000186264515,0.29583333774159354
0.34000000059604646,0.34000000059604646
0.0,0.13333333532015482
0.09499999769032001,0.375000000372529
0.0,0.0
-0.024999994784593582,0.3749999962747097
0.18000000417232515,0.18000000417232515
-0.05454545332626863,0.21818182211030612
-0.22941176724784515,0.42941176672192183
-0.04782608864100083,0.27391304594019183
-0.1333333303531011,0.3666666696468989
-0.07031250011641532,0.28281250537838787
-0.32499999925494194,0.42500000074505806
0.020000001788139342,0.1666666696468989
0.08749999525025487,0.33749999990686774
-0.05483870881219064,0.3451612913800824
0.032530120069003965,0.38353413801236325
-0.08153846298272793,0.3030769271346239
-0.03703703676108961,0.3283950650581607
0.12000000327825547,0.12000000327825547
0.15624999930150807,0.2812500020954758
0.013432835020236115,0.34179104842356783
0.24117647242896698,0.28823529665960984
-0.01836734751657564,0.22244898229837418
-0.02674897272645691,0.3172839533522296
-0.026530612488182222,0.3653061250034644
0.05000000074505806,0.3999999947845936
0.4124999903142452,0.587499987334013
-0.07458823663346907,0.31976470884154823
0.03571428331945624,0.3428571445069143
-0.05999999940395355,0.1800000011920929
0.004123712092945256,0.34226804395619126
0.06666666766007741,0.06666666766007741
0.3166666647626294,0.40555555497606594
0.028571431125913347,0.20000000510896956
0.1000000000634092,0.3978723408059871
-0.12500000651925802,0.3000000072643161
-0.11999999284744263,0.3199999988079071
-0.18500000424683094,0.4750000018626451
-0.033333336313565574,0.1666666716337204
-0.1822580675924978,0.3306451658568075
-0.05714285905872073,0.257142862038953
0.07499999925494194,0.2750000022351742
-0.06000000238418579,0.14000000357627868
9.934107462565104e-10,0.30000000149011613
0.00430107525279445,0.23763441198295163
0.29999999701976776,0.29999999701976776
0.1666666716337204,0.1666666716337204
-0.10999999940395355,0.35000000298023226
-0.14153846439260703,0.32769231194486986
-0.05714285799435207,0.20000000298023224
0.009201387713094138,0.3435763914280364
-0.08055555944641431,0.4027777777777778
0.08059701390230833,0.3880596994908888
0.1249999888241291,0.42500000074505806
-0.33999999016523363,0.4199999913573265
0.09629629304011662,0.2814814826404607
-0.26666667064030963,0.3333333383003871
0.29999999701976776,0.29999999701976776
8.765388937557445e-10,0.25882353239199696
0.02976190263316745,0.40357142970675514
-0.0799999974668026,0.3300000034272671
-0.17142857132213457,0.4000000022351742
0.17894736402913144,0.3578947327638927
0.5000000063862119,0.5000000063862119
0.1090909093618393,0.16363636607473547
0.011111111276679568,0.18888889335923725
-0.09473684351695211,0.36842105655293717
-0.08333333457509677,0.18333333606521288
0.20704845552402446,0.4044052854114692
0.09480519418592577,0.341558443454953
0.20000000298023224,0.236363639885729
-0.01745283136249713,0.3495283037916107
-0.06964285928933393,0.3422619088419846
0.29999999701976776,0.29999999701976776
-0.03185185293356577,0.323703705712601
-0.05977011523370085,0.41609195465671606
0.2285714192049844,0.39999999744551523
-0.055555554727713265,0.2777777802613046
-0.37999999821186065,0.45999999940395353
-0.030434781118579533,0.26521739720002463
-0.05572519218193666,0.35496183524604974
0.21764706119018443,0.38235294161474004
0.016666670019427936,0.3000000038494666
0.0666666684879197,0.15555555870135626
0.025000003352761268,0.26500000394880774
0.1477815702354135,0.307508535174583
-0.188235301305266,0.38823530165588155
0.19999999552965164,0.3999999985098839
0.1999999942878882,0.3333333320915699
-0.03750000102445483,0.3750000069849193
0.2599999964237213,0.2599999964237213
-0.13636364178224045,0.28181819075887854
0.21428571854318892,0.21428571854318892
0.1333333378036817,0.1333333378036817
-0.24000000208616257,0.32000000327825545
-0.10661157183657008,0.28181818601759995
-0.10526315985541594,0.3543859671866685
-0.24500000067055225,0.3450000029057264
-0.11666666799121433,0.2500000041392114
0.0428571438505536,0.1761904784611293
-0.06562499888241291,0.32187500316649675
0.03999999910593033,0.35000000447034835
0.4749999921768904,0.4749999921768904
-0.07777778059244156,0.3888888963394695
0.016176470610148767,0.33676470673697834
0.11249999701976776,0.21249999850988388
0.018181819807399403,0.23636364124038003
-0.2666666651765505,0.35111111021704144
0.42500000074505806,0.42500000074505806
0.10400000214576721,0.1120000022649765
0.057142864380564005,0.31428571896893637
-0.10000000149011612,0.10000000149011612
-0.1375000006519258,0.2375000030733645
-0.079411762602189,0.32647059112787247
0.06666666766007741,0.06666666766007741
0.012903221672581087,0.3612903226767817
0.24999999751647314,0.24999999751647314
0.10795755684375763,0.38859416453528467
-0.14146341474317922,0.2975609780448239
0.13809523766949064,0.32857143311273485
0.07777777521146668,0.41111111185616916
-0.16000000168879827,0.3440000014503797
-0.11999999433755874,0.2799999967217445
-0.040000005066394805,0.28000000566244126
0.043589742901997686,0.33589743689084667
-0.04843750176951289,0.36406250251457095
0.2666666756073634,0.2666666756073634
-0.32499999925494194,0.42500000074505806
-0.08979591841296274,0.3153061249426433
0.09999999528129895,0.3999999997516473
-0.26666666666666666,0.41333333402872086
-0.1285714299551078,0.35714286299688475
-0.11058823641608743,0.3600000013323391
-0.39999999701976774,0.4799999982118607
0.0,0.13333333532015482
0.15000000347693762,0.40000000099341076
0.10000000149011612,0.10000000149011612
-0.0071428561849253515,0.30714286278401104
0.0666666684879197,0.2888888857430882
-0.020000000298023225,0.10000000149011612
0.030232558763304423,0.3372093061375063
-0.08656716569146114,0.4000000021795728
0.29999999701976776,0.29999999701976776
0.21999999582767488,0.21999999582767488
0.06666666766007741,0.06666666766007741
0.04285713994786853,0.41428571407284054
-0.03103448322107052,0.18965517575370855
-0.23333333060145378,0.3333333320915699
0.2516129019279634,0.3548387099177607
-0.08644067811763893,0.3542372905096765
0.42999999672174455,0.4499999970197678
0.0051948039175628066,0.3610389654512529
-0.004000001549720764,0.2600000023841858
0.06339285689006958,0.39732143063364284
0.47499999683350325,0.47499999683350325
0.13106060400605202,0.3416666682019378
0.04000000059604645,0.12000000178813934
0.1688524567690052,0.3065573768537553
0.39999998786619734,0.5142857059836388
-0.006250000403573115,0.3458333344509204
-0.020512823588573016,0.34102564276410985
-0.19999999925494194,0.30000000074505806
-0.02500000037252903,0.26250000204890966
0.04444444510671827,0.28888888988229966
-0.012903225277700731,0.32258064876640996
-0.08799999952316284,0.33600000739097596
0.35833333370586234,0.37500000062088173
-0.08421052600208082,0.3157894768212971
0.042187500454019755,0.2875000031781383
0.033333336313565574,0.1666666716337204
0.15999999567866324,0.3200000010430813
0.06378378143181672,0.2951351360694782
-0.10845070741545985,0.39295774866157857
-0.13999999931880405,0.2714285739830562
-0.1939393925395879,0.3939393964229208
0.05849056184854148,0.42075471903355616
-0.11623036709287404,0.3539267032948464
-0.02142857068351337,0.32142857728259905
0.19090909172188153,0.19090909172188153
-0.07187500060535967,0.32187500572763383
0.12857142303671157,0.47142856887408663
-0.0786666688323021,0.39600000152985254
-0.28571428464991705,0.37142857164144516
0.05000000074505806,0.05000000074505806
0.016666663189729054,0.20000000049670538
0.3461538455807246,0.3461538455807246
-0.051111111707157555,0.24888889342546464
0.11315789367807538,0.3236842122124998
0.14545454400958438,0.24848484857515854
0.03863635879348625,0.4340909101407636
-0.05555555638339785,0.1444444465968344
8.27842288547092e-10,0.3000000019868215
0.07524752225911263,0.3346534667186218
0.026666667229599424,0.30666666891839767
-0.26250000577419996,0.312500006519258
0.11199999868869781,0.42400000005960464
0.06666666766007741,0.06666666766007741
0.1584070789734874,0.4132743351886758
-0.16666667287548384,0.26666667436559993
-0.07016574677841439,0.295580113707985
0.022727270657667005,0.29747474799403034
-0.04500000216066837,0.20500000081956388
-0.06666666641831398,0.1666666679084301
-0.0560000005364418,0.23200000315904618
-0.05789474280256974,0.352631580672766
-0.24444445222616196,0.4888888920346896
0.22499999403953552,0.32499999552965164
0.13333333532015482,0.13333333532015482
0.13770491971832807,0.2819672159728457
-0.11666666716337204,0.2000000017384688
0.07666666706403097,0.45000000298023224
0.29999999701976776,0.29999999701976776
-0.037500000248352684,0.30138889099988675
0.1625000024214387,0.18750000279396772
-0.09600000068545342,0.32800000220537184
-0.1066666712363561,0.2933333377043406
0.30983606261796637,0.4344262288974934
0.33818181577053935,0.42909090776335107
-0.0510121478061927,0.320647777604912
-0.14782609045505524,0.2695652194645094
-0.16969696861324887,0.3757575786474979
0.08947368593592393,0.1736842131144122
-0.048000001907348634,0.312000002861023
0.07333333144585291,0.36666666716337204
0.30434782371140906,0.4202898533447929
0.14749999893829227,0.3899999995715916
0.06666666766007741,0.06666666766007741
-0.010000000894069671,0.2900000065565109
0.20000000670552254,0.20000000670552254
-0.037037039244616474,0.25185185615663175
0.4166666567325592,0.4833333243926366
-0.06470588507021174,0.4058823519769837
0.44347825549218967,0.5043478229123614
0.06875000102445483,0.20625000400468707
-0.05405405579923509,0.36036036438770125
0.28999999836087226,0.28999999836087226
0.10000000298023223,0.10000000298023223
-0.08333333395421505,0.2666666725029548
0.052727272022854196,0.24909091131253677
-0.25555555688010323,0.3444444470935398
0.05194273885103335,0.35828221010345135
-0.16250000102445483,0.312500003259629
0.11111110779974195,0.24444444477558136
-0.025000000256113708,0.35000000230502337
0.07500000111758709,0.12500000186264515
0.22499999776482582,0.22499999776482582
-0.05619834739068323,0.2743801664838121
0.29999999701976776,0.29999999701976776
0.07083333035310109,0.32083333656191826
0.17924528076963606,0.4509433963388767
-0.02029703314056491,0.36980198183567214
0.07058823021019206,0.38823529639664817
0.05000000074505806,0.45000000670552254
-0.02500000223517418,0.1250000037252903
0.06666666269302368,0.2666666689846251
-0.06304347741863002,0.19782608877057614
-0.08666667093833287,0.2866666719317436
0.05769230625950373,0.4038461558520794
-0.007272726568308743,0.38181818263097245
-0.16750000175088645,0.3475000010803342
-0.07023809666907976,0.2940476213300985
-0.06716418032770727,0.2970149280197585
-0.3200000002980232,0.4000000014901161
0.06666666766007741,0.06666666766007741
-0.04062500153668225,0.3843750024680048
-0.30999999940395356,0.39000000059604645
0.10000000024835269,0.2666666718820731
-0.10000000149011612,0.4333333397905032
0.0046296294916559145,0.315740743720973
0.10000000149011612,0.10000000149011612
-0.06875000358559191,0.362500004703179
0.03809523617937451,0.29047619303067523
-0.22608696086251218,0.27826087468344235
0.0899999976158142,0.2700000047683716
0.04999999888241291,0.40000000186264517
0.04615384684159206,0.2923076989559027
-0.5944444479213821,0.6166666704747412
-0.14594594550293846,0.2594594611106692
-0.03571428784302303,0.32142857355730875
0.05000000074505806,0.05000000074505806
0.10666666279236475,0.41333333204189937
0.05555555389987098,0.41111111144224805
0.13374999919906258,0.30875000162050126
-0.04210526182463294,0.28421052859017726
-0.025000000838190317,0.1500000017695129
-0.017194571673060974,0.34932126981370587
-0.14374999748542905,0.30624999897554517
-0.0666666661699613,0.20000000149011612
0.07000000352660815,0.3900000013411045
0.033333333830038704,0.10000000149011612
-0.09787234315212737,0.24255319573777787
0.009756095343973578,0.2926829302819764
-0.25000000447034837,0.310000005364418
0.040229884457999264,0.33678161044572963
-0.05810397713009371,0.34067278549029556
0.12500000186264515,0.1750000026077032
-0.06363636458461935,0.22121212405688834
-0.060869565152603645,0.3304347878564959
-0.17777778208255768,0.2666666722959942
-0.2374999988824129,0.2374999988824129
0.03809523972727004,0.26666666886636187
-0.1500000027673585,0.37857143368039814
0.0875000013038516,0.16250000428408384
0.1250000037252903,0.1250000037252903
-0.06290322818583058,0.30483871277782226
-0.11304347929747208,0.3391304365966631
-0.2499999993791183,0.3666666690260172
0.15833333196739355,0.35833332998057205
0.24545454098419708,0.4272727214477279
0.24285714008978435,0.2714285690869604
0.12500000186264515,0.12500000186264515
0.17499999701976776,0.17499999701976776
-0.11000000461935996,0.19000000581145288
-0.06666666766007741,0.20000000298023224
-0.06666667014360428,0.1333333378036817
-0.10769231044329129,0.36923077129400694
-0.20000000298023224,0.28333333879709244
0.0833333395421505,0.4166666728754838
0.3499999940395355,0.3499999940395355
0.18571428528853826,0.27142857228006634
-0.2499999993226745,0.34999999878081406
0.10833333215365808,0.2750000000620882
0.05000000074505806,0.15000000223517418
0.21739130369994952,0.4260869583357935
-0.041702127298142044,0.3336170232359399
0.04409937990933471,0.3037267099163547
0.016666664845413633,0.22777777993016773
-0.1058823584633715,0.30588235881398707
-0.33333333184321723,0.35999999890724815
0.10000000149011612,0.10000000149011612
3.193105970110212e-09,0.31428572216204237
-0.01499999761581421,0.38500000163912773
-0.11782945796500804,0.37674418807953824
-0.00952381037530445,0.21904762302126204
0.15000000223517418,0.15000000223517418
0.1529968437806289,0.3719242907566979
-0.04166666232049465,0.20833333395421505
-0.033333333830038704,0.11666666840513547
0.016666666915019352,0.20000000670552254
0.23333333432674408,0.23333333432674408
-0.04000000059604645,0.12000000178813934
-0.15000000099341074,0.21666666865348816
0.03043478014676467,0.27391304529231525
-0.2666666756073634,0.2666666756073634
-0.26666666318972904,0.3333333308498065
0.1666666716337204,0.1666666716337204
-0.04961340363646291,0.32615979616866286
-0.019999999552965164,0.16000000163912773
0.2666666676600774,0.41333333154519397
-1.241763432820638e-09,0.13333333656191826
0.010079051239099426,0.29822134666822175
0.20000000049670538,0.36666666716337204
-0.009090908142653379,0.29636363725770604
2.9802322387695314e-09,0.3599999934434891
-0.1111111111111111,0.2222222255335914
0.011111111276679568,0.12222222404347526
0.12500000186264515,0.12500000186264515
-0.06,0.2760000032186508
0.20243902050140428,0.4024390227547506
-0.05000000571211179,0.4166666654249032
-0.10370370883632589,0.4814814812055341
-0.0036363651806657965,0.40727272616191346
0.057870369508034654,0.34120370678741624
-0.09999999829701015,0.27142857228006634
0.2000000011175871,0.2000000011175871
-0.06945606723240728,0.3221757351479271
0.2750000096857548,0.2750000096857548
-0.06803030438269629,0.3240909122495037
-0.10000000894069672,0.3727272776040164
0.09999999528129895,0.2666666644314925
0.06666666766007741,0.06666666766007741
-0.18780488012040533,0.3292682986797356
0.5999999940395355,0.5999999940395355
-0.11250000214204192,0.33749999990686774
0.1214285705770765,0.47857142452682766
-0.10370370248953502,0.28888888988229966
0.0166666687776645,0.2333333349476258
0.3333333383003871,0.3333333383003871
-0.07031250058207661,0.3734375009080395
0.019847328483148387,0.3465648875322961
0.23333333184321722,0.23333333184321722
-0.08566775274878605,0.3573289927859648
-0.03246753285457561,0.3181818187623829
-0.5,0.5
-0.0023255791775015897,0.25813953751741453
0.061635218607554644,0.43144654262365784
-0.02941176382934346,0.30000000315554004
-0.02000000238418579,0.2866666708389918
-0.14615384603922182,0.35384615739950764
-0.044099379631673326,0.28757764206231257
-0.027586207564534813,0.24827586448398128
-0.1314285731209176,0.2885714315410171
0.11000000387430191,0.17000000476837157
0.00465116424615993,0.33953488739423976
0.05909091064875776,0.3045454573902217
-0.01428571343421936,0.366666670356478
-0.2222222247057491,0.37777778257926303
-0.029999998956918718,0.3300000049173832
-0.22151899149146262,0.38101266532004635
-0.2599999994039536,0.34000000059604646
-0.10000000149011612,0.10000000149011612
-0.0882352963089943,0.2647058889269829
0.10769230872392654,0.27692307703770125
-0.01153846257008039,0.3500000026363593
-0.22500000273187956,0.3916666718820731
0.031181485413706404,0.31644336406445533
0.033333333830038704,0.10000000149011612
0.17499999962747098,0.2350000012665987
-0.0008733639875874249,0.3563318803385876
0.2999999951571226,0.2999999951571226
0.10000000149011612,0.10000000149011612
0.08181817761876366,0.40909091383218765
-0.1590909128161994,0.3045454577288844
-0.17777778208255768,0.2666666722959942
-0.06428571191749402,0.29642857305173365
-0.1800000011920929,0.2400000013411045
0.10000000149011612,0.10000000149011612
-0.004166668591399987,0.32916666970898706
-0.1236842131536258,0.30789474064582273
-0.06470588112578672,0.24117647374377532
0.07499999180436134,0.3750000037252903
-0.12142857110926084,0.2428571448794433
0.19999999872275762,0.2571428567171097
0.16000000536441802,0.20000000596046447
-0.07777778142028385,0.3222222212288115
0.09102563789257637,0.3397435906987924
-0.1388888917863369,0.27222222710649174
-0.16666666169961294,0.29999999701976776
-0.28000000715255735,0.28000000715255735
-0.14285714338932717,0.2428571448794433
0.17272727428512138,0.32727272977883165
-0.13750000155585654,0.3477941209121662
0.09810725406799406,0.326498423817594
-0.22500000366320214,0.3916666715716322
-0.13012048431548728,0.3518072333501046
0.016666666915019352,0.05000000074505806
0.0,0.10000000149011612
-0.18823529473122427,0.3333333352325009
0.15454545413905924,0.20909090949730438
-0.042499998956918715,0.3325000010430813
0.5083333241442839,0.5083333241442839
-0.14000000109275182,0.34000000009934106
0.06363636322996834,0.20909091356125745
-0.2057142892054149,0.34857143546853747
0.010344826198857406,0.34137931389027626
0.10000000149011612,0.14000000208616256
0.06666666766007741,0.06666666766007741
0.05000000074505806,0.10000000149011612
-0.15384615327303225,0.35384615739950764
-0.15000000409781933,0.26666667374471825
-0.24468085360019765,0.35531915217003923
0.1666666708058781,0.2777777852283584
-0.20000000114458194,0.3855072489899138
-0.033333336313565574,0.1666666716337204
-0.09813084258375881,0.34859813478226975
-0.16071428464991705,0.27500000117080553
0.14117647166929992,0.30980392370153875
-0.05000000102100549,0.3555555586461668
-0.10000000397364299,0.26000000139077506
0.16666666294137636,0.30000000074505806
-0.10000000381842256,0.4250000058673322
-0.4133333424727122,0.48000000913937885
-0.08761904871179944,0.32571428879385905
-0.11875000456348062,0.30625000363215804
-0.04999999888241291,0.2000000011175871
0.028571429529360363,0.3428571442408221
0.37857142090797424,0.478571423462459
-0.28125000186264515,0.36875000316649675
0.1600000038743019,0.20000000447034835
0.10588235429981176,0.12941176685340264
-0.019999998807907104,0.3000000059604645
0.16451612715759584,0.4161290298065832
0.2749999947845936,0.2749999947845936
0.0352380942375887,0.36761905036511877
0.16000000536441802,0.16000000536441802
0.24444444311989677,0.4000000026490953
-0.10625000111758709,0.3312500026077032
0.06063829600176913,0.3180851083486638
-0.01499999761581421,0.2150000013411045
-0.10000000521540642,0.20000000670552254
-0.1496815316046879,0.3216560544671526
-0.05000000074505806,0.11666666840513547
-0.1300000011920929,0.21000000238418579
0.07272727313366803,0.21818182346495715
0.1571428616132055,0.1571428616132055
0.13333333532015482,0.13333333532015482
-0.014285715562956674,0.3857142818825586
-0.0833333358168602,0.15000000347693762
-0.18437499925494194,0.5593750011175871
0.27619047462940216,0.495238096231506
-0.045454546131870964,0.13636363839561289
0.0,0.10000000149011612
0.1000000024214387,0.39999999944120646
0.13749999925494194,0.13749999925494194
0.06666666766007741,0.06666666766007741
0.1666666716337204,0.1666666716337204
0.09999999776482582,0.2500000037252903
-0.07500000111758709,0.1750000026077032
0.05000000074505806,0.2833333338300387
0.17500000074505806,0.17500000074505806
0.2499999925494194,0.4166666592160861
-0.42000000526507697,0.5066666722297668
0.32499999552965164,0.32499999552965164
-0.031578951368206425,0.3052631581300183
-0.09090909497304396,0.3272727280855179
-0.5000000049670538,0.544444450073772
0.2500000037252903,0.2500000037252903
0.18571429061038153,0.22857143517051423
0.14666666835546494,0.4333333343267441
-0.03333333606521289,0.30000000273187954
-0.039869281250277375,0.29738562349595277
-0.05000000074505806,0.15000000223517418
-0.15833333507180214,0.34166667113701504
0.19166666517655054,0.3361111121873061
-0.04000000059604645,0.12000000178813934
0.0,0.13333333532015482
0.00769230923973597,0.2923076952306124
0.2888888849152459,0.4444444411330753
-0.18333333233992258,0.3166666676600774
-0.05416666716337204,0.21250000409781933
0.06516853820406988,0.31235955312345803
-0.04285714349576405,0.10000000149011612
0.07500000670552254,0.42500000074505806
0.4999999888241291,0.4999999888241291
0.18333332985639572,0.2833333338300387
0.10000000149011612,0.10000000149011612
0.02222222172551685,0.31111110829644734
-0.15822784913868843,0.29493671099219143
0.1636363606561314,0.21818181601437656
-0.14090909320232156,0.3097402634849022
-0.11052631822071578,0.38421052811961426
0.22499999776482582,0.22499999776482582
-0.2419354874760874,0.30000000447034836
-0.012500007636845112,0.4375000027939677
-0.02500000223517418,0.1250000037252903
-0.09230769311006252,0.1538461555655186
-0.08571428912026542,0.14285714711461747
-0.09999999900658925,0.23333333432674408
0.04736842371915516,0.3210526344023253
0.08076922968029976,0.21923077020507592
-0.1571428616132055,0.21428571960755757
-0.0833333283662796,0.2666666644314925
0.019999995827674866,0.30000000447034836
-0.2000000012191859,0.37454545592719857
-0.2125000056500236,0.42916666871557635
-0.11153846692580444,0.3038461586603752
-0.033333333830038704,0.36666666716337204
-0.1,0.1800000011920929
-0.10000000024835269,0.1666666679084301
-0.23288590746037913,0.3617449701832445
0.11249999655410647,0.3875000015832484
0.0999999980131785,0.2733333339293798
0.044444440553585686,0.3333333337472545
0.20000000298023224,0.2800000041723251
-0.1943396234287406,0.4320754704048049
-0.23333333101537493,0.36666666633552975
-0.13846153765916824,0.3230769204405638
-0.37500000341484946,0.4916666718199849
-0.1583333338300387,0.25833333532015484
-0.24615384724277717,0.4307692340360238
0.04262294962269361,0.4032786892818623
-0.29999999329447746,0.3999999947845936
0.0563380274344498,0.278873242227964
0.13333333532015482,0.13333333532015482
-0.14900662513166074,0.31721854688513357
-0.19705882274052677,0.35588235408067703
0.04666666438182195,0.24666667034228643
0.05000000074505806,0.20000000670552254
-0.13856209424975652,0.29803921954304563
-0.14235294430571444,0.31764706228585804
-0.1445945974540066,0.2986486525954427
-0.07368420966361698,0.2631578982660645
0.09999999992157284,0.3000000036860767
0.08602150401441,0.3774193564570078
-0.1058823584633715,0.2705882380113882
-0.07658863095037116,0.3127090330656157
-0.12196532064090575,0.30115607303346514
0.05714285799435207,0.11428571598870414
-1.862645149230957e-09,0.15000000409781933
-0.006666668311313346,0.333703705171744
-0.14652778068557382,0.30763889295566416
-0.08067633089236015,0.3241545929425005
-0.14335664611804735,0.3083916123617779
-0.15808383500326179,0.3137724592746375
0.06000000089406967,0.10000000149011612
-0.13972603009171683,0.30684931902852774
-0.1472222251403663,0.3055555595912867
-0.14647887599929957,0.30704225741431745
0.02078406830325806,0.3415059142728066
-0.08571428805589676,0.22857143517051423
0.011184209565583029,0.29276316054165363
-0.03820224767655469,0.3662921366899201
0.016666668156782787,0.18333333730697632
-0.14797297558067618,0.3101351389510406
-0.10921052980579828,0.3210526348924951
0.17499999329447746,0.3749999962747097
-0.026086958854094795,0.15652174081491388
-0.15069444725910822,0.30902778171002865
-0.15921052922739795,0.31184210927274664
0.08666666249434153,0.45999999543031056
0.1750000026077032,0.1750000026077032
-0.14383561944920722,0.30958904504571877
-0.10187500226311386,0.3031250037718564
-0.1456375867628411,0.3107382592638867
0.17500000012417635,0.3250000011175871
0.12121212143789638,0.290909095018199
0.12666666731238366,0.38000000392397243
-0.18666666746139526,0.2800000011920929
0.16000000536441802,0.44000000059604644
0.05714285692998341,0.2666666724142574
-0.05769231256384116,0.3730769263437161
-0.11027397547070295,0.3212328802743187
0.06315789293301732,0.2631578982660645
-0.08461538702249527,0.17692308185192254
-0.1888888883921835,0.32222222371233833
-0.2520000010728836,0.33200000345706937
-0.09870967975547237,0.3154838747074527
0.2749999947845936,0.2749999947845936
0.00833333469927311,0.29166666480402154
-0.147058825720759,0.36666666920862945
-0.14629629833830726,0.327777782800021
0.24999999813735485,0.24999999813735485
-0.27826086998633714,0.3478260887381823
-0.10000000149011612,0.2428571486047336
-0.004545452919873324,0.2590909099036997
-0.04883721158948055,0.3000000032574631
-0.06666666766007741,0.20000000298023224
-0.07499999972060323,0.15000000083819032
-0.10000000055879354,0.2500000046566129
-0.02095238161938531,0.2857142904684657
-0.17500000074505806,0.3500000052154064
0.0008620676937802084,0.3387931064413539
0.37999999821186065,0.37999999821186065
-0.03999999761581421,0.24000000357627868
0.13333333532015482,0.13333333532015482
-0.09999999983443154,0.2777777819169892
-0.16153846509181535,0.3153846235229419
0.04347826011370921,0.37971014745425485
0.07333333094914754,0.32666666905085245
0.03157895097607061,0.14736842246432053
0.06896551724137931,0.3586206903745388
-0.18571428315980093,0.35714285714285715
-0.3846153886272357,0.4153846198549637
-0.14382716341886992,0.2993827203725591
-0.08181818371469324,0.20909091423858295
-0.06363636390729384,0.2545454596931284
0.2500000062088172,0.28333334003885585
-0.07333333666125934,0.1933333364625772
-0.051121077217685086,0.3473841573580855
0.03749999962747097,0.2750000059604645
-0.2133333295583725,0.29333333174387616
-0.020524018814209767,0.33056768797760966
-0.08750000223517418,0.26250000670552254
-0.11000000014901161,0.17000000104308127
-0.09130434691905975,0.28260869759580365
0.4999999888241291,0.4999999888241291
-0.08089887769369597,0.29438202493311316
0.018181819807399403,0.1454545476219871
0.07272727272727272,0.2363636377182874
0.016666666915019352,0.11666666840513547
-0.1868421072630506,0.3131578997953942
-0.04911242734045672,0.33431952953691313
0.05789473469842944,0.3736842123039982
-1.3546510176225142e-09,0.18181818588213486
-0.10662983646050342,0.31657458932360233
-0.37500000062088173,0.4083333344509204
0.0789473695974601,0.20000000298023224
-0.16363636539740997,0.20000000230290674
0.25714285778147833,0.25714285778147833
0.03333332886298498,0.2666666681567828
-0.016666668156782787,0.316666675110658
-0.2125000013038516,0.26250000204890966
-0.26666667064030963,0.3777777850627899
0.24000000059604645,0.24000000059604645
-0.15937500167638063,0.3718750011175871
-0.1428571455180645,0.2571428636355059
-0.013043479750985685,0.269565220112386
0.14999999105930328,0.29999999701976776
-0.09634146421420865,0.35487805107017845
-0.2083333364377419,0.24166667026778063
-0.08932039033151368,0.2990291320438524
0.2624999941326678,0.47499999729916453
-0.11875000428408385,0.3837500041350722
-0.20000000510896956,0.31428572109767366
0.09999999925494193,0.20000000223517417
0.12475247268039401,0.36237623948271913
0.24957982820122182,0.4142857127580322
0.033333333830038704,0.06666666766007741
-0.1499999991307656,0.2833333356926839
0.14000000134110452,0.2800000049173832
0.14999999478459358,0.30000000074505806
-0.13333333449231255,0.26666666981246734
-0.0416666679084301,0.2916666716337204
-0.06666666766007741,0.20000000298023224
0.15000000409781933,0.15000000409781933
-0.06785714354898248,0.31785714770002027
-0.29999999701976776,0.29999999701976776
-0.033333336313565574,0.1666666716337204
0.2181818119504235,0.5818181755867872
0.03636363284154372,0.3272727253762158
-0.1586826371397087,0.32754491412354086
0.05000000074505806,0.05000000074505806
-0.15930232838835828,0.3116279106673806
-0.02142857068351337,0.23571429029107094
0.02746478651820774,0.33873239490137974
-0.0833333358168602,0.28333333879709244
0.03295454476028681,0.3181818211451173
-0.09999999735090467,0.2777777794334624
-0.05205479539828758,0.3150684965187556
0.011111112932364145,0.3888888897167312
0.20344827889368453,0.3000000039565152
-0.08000000417232514,0.5199999958276749
-0.04693877696990967,0.3000000043182957
0.10000000149011612,0.10000000149011612
0.044444441381427974,0.37777777802613044
-0.033333336313565574,0.1666666716337204
0.019999998807907104,0.14000000357627868
-0.08571428752371243,0.1714285755796092
-0.005882352590560913,0.41764706022599163
0.024096385631934707,0.21445783479027
0.038461536169052124,0.2923076949440516
-0.06666666766007741,0.20000000298023224
0.06666666766007741,0.06666666766007741
0.15000000223517418,0.2500000037252903
0.2749999947845936,0.2749999947845936
0.05624999897554517,0.3187499991618097
0.32499999552965164,0.32499999552965164
-0.03513513948466327,0.4729729753893775
0.15666666358709336,0.37933333198229474
-0.0066666662693023685,0.42000000178813934
-0.0670212776953178,0.3320116078989072
-0.01428571322134563,0.31714285846267426
-0.4375,0.4375
-0.3000000034059797,0.35714286140033175
0.12105263367687401,0.22894737134246448
-0.06762589948426048,0.38992805998745583
0.0618181815201586,0.2581818213517016
-0.038095236534164065,0.2857142857142857
-0.5000000074505806,0.5000000074505806
-0.15000000223517418,0.2500000037252903
-3.725290298461914e-09,0.30000000819563866
-0.04000000432133675,0.24000000283122064
0.42500000074505806,0.42500000074505806
0.3600000023841858,0.3600000023841858
0.02500000037252903,0.07500000111758709
-0.05680000132322311,0.27440000289678573
0.0307142865977117,0.30785714584801877
0.28000000566244126,0.28000000566244126
-0.050000001986821495,0.28333333631356555
0.2666666731238365,0.2666666731238365
4.13921144273546e-09,0.35555556002590394
-0.0142857198204313,0.44285714413438526
-0.015194346805764593,0.404593639628626
0.3500000014901161,0.3500000014901161
0.08333333084980647,0.18333333233992258
-0.02844036686652844,0.31422018664760876
-0.10000000149011612,0.1615384639455722
0.4666666587193807,0.4666666587193807
0.02096474986240019,0.30333951983690705
-0.030000000447034835,0.19000000581145288
0.0,0.0
0.16666667039195696,0.16666667039195696
0.20000000298023224,0.20000000298023224
4.470348358154297e-09,0.27999999970197675
-0.01917808370230949,0.30136986668795757
0.24999999441206455,0.2999999951571226
-0.0034482779687848584,0.34827586109268255
0.10000000149011612,0.10000000149011612
0.06000000089406967,0.10000000149011612
-0.36249999701976776,0.4124999977648258
0.15000000223517418,0.15000000223517418
-0.26923077266949874,0.346153851885062
0.07272727652029558,0.36363636363636365
-0.0918918928584537,0.24324324847878637
0.06000000139077504,0.2733333339293798
0.0840490805042302,0.3196319052778139
-0.0292947566099667,0.2990958438158898
0.25,0.44333333472410835
0.03033707860145676,0.3382022505563297
0.061739129540712936,0.29130435022323026
-0.06307692413146679,0.3769230794448119
-0.055555554727713265,0.30000000778171754
-0.033333336313565574,0.1666666716337204
-0.13333334028720856,0.2666666756073634
-0.018238994404204987,0.30377358694871265
-0.12105263406900983,0.3078947409399246
0.08064516032895734,0.3258064538240433
0.38333332786957425,0.38333332786957425
-0.12499999906867743,0.2875000024214387
-0.19090908630327744,0.35454545508731494
-0.10000000149011612,0.46666666120290756
-0.16818181730129503,0.45909091186794365
0.11666666592160861,0.18333333358168602
-0.049999999813735485,0.2000000039115548
-0.16352201426554025,0.3320754757092434
0.0404761926758857,0.18333333482344946
0.10238095230999447,0.3214285746216774
-0.011764706605497529,0.3313725502686758
-0.045833335258066654,0.3708333345130086
0.04000000208616257,0.1600000038743019
-0.06666666588612966,0.20952381158158892
0.05000000074505806,0.05000000074505806
0.22142857206719263,0.30714285905872074
-0.033333336313565574,0.2000000054637591
-0.04999999888241291,0.25000000186264515
0.014999998360872268,0.29500000178813934
0.08294573605291602,0.2581395376906839
0.07500000204890966,0.1500000050291419
0.04285714349576405,0.07142857249294009
0.05058823394424775,0.2694117676685838
0.037500000558793545,0.16250000428408384
0.036363633518869225,0.1636363626881079
-0.07916666753590107,0.3708333397905032
-0.03512658343850812,0.40791139398005943
-0.05000000447034836,0.2500000074505806
0.2714285690869604,0.2714285690869604
0.2285714287843023,0.28571428677865435
0.17777777628766167,0.3111111107799742
-0.018181817775422878,0.3272727287628434
-0.12337662637620778,0.32077922401103104
0.17999999572833378,0.34000000009934106
-0.11428571066686086,0.19999999765838897
0.0,0.10000000149011612
0.019047616847923825,0.21904762195689337
0.07027026970644255,0.3486486504206786
-0.054545455087314954,0.32363636667078194
-0.1269230770950134,0.33461538845529926
0.12499999813735485,0.31666666828095913
-0.13333334028720856,0.2666666756073634
-0.008108108933712985,0.40540540832522753
-0.2181818194010041,0.40000000528313895
-0.22857143064694746,0.31428571604192257
-0.10624999878928065,0.2437500017695129
-0.08000000193715096,0.22000000551342963
0.035714282654225826,0.36785714448030504
0.20000000298023224,0.4333333323399226
-0.08387097259682993,0.27741936305838244
0.04761904016846702,0.3619047619757198
0.0,0.10000000149011612
-0.004444444676240286,0.4088888901803229
0.00555555232697063,0.32777778266204727
0.11632652900048665,0.2918367360015305
-0.04125560666413585,0.3551569529579359
-0.15000000016556847,0.3055555547277133
-0.31428571471146177,0.41587301852211117
-0.033333336313565574,0.1666666716337204
0.20000000298023224,0.20000000298023224
0.269999997317791,0.46999999731779096
-0.24000000655651094,0.3200000077486038
0.056756755152532645,0.3360360360427483
0.22499999776482582,0.4749999977648258
0.35833332625528175,0.5083333272486925
0.1666666679084301,0.2777777815030681
0.016129031777381897,0.20322580972025472
0.0038461507512972904,0.30384615579476726
-0.18333334103226662,0.250000008692344
-0.2647058836677495,0.4999999995617306
0.10588235276586869,0.3019607855993159
-0.06250000093132257,0.3375000050291419
0.13870967828458355,0.3258064543047259
-0.3000000002128737,0.3571428582072258
0.20000000670552254,0.20000000670552254
0.22708333112920323,0.38124999885136884
0.02222221510277854,0.3777777776122093
-0.023529411677051994,0.23529412159148386
0.03414634033674147,0.34634146766691676
0.2999999951571226,0.2999999951571226
0.05624999990686774,0.35624999878928065
-0.07777778555949529,0.3222222253680229
0.05714285799435207,0.05714285799435207
-0.1250000037252903,0.22500000521540642
0.2625000053085387,0.3375000082887709
-0.11600000113248825,0.3560000029206276
0.2449999962002039,0.40000000037252903
-0.10263158165310558,0.32368421691812965
0.1093023234559584,0.3077519380075987
-0.14444444726945627,0.30277778172037667
-0.22500000521540642,0.32500000670552254
-0.15000000383172715,0.2500000053218433
-0.2062499988824129,0.3562500011175871
-0.12500000186264515,0.1750000026077032
0.2500000037252903,0.2500000037252903
0.04285714775323868,0.24285714434725897
0.0800000011920929,0.0800000011920929
-0.15999999940395354,0.24000000059604645
0.05999999940395355,0.18000000417232515
-0.05140187187451069,0.3915887857291186
0.06249999844779571,0.24583333699653545
0.007210029727052372,0.32319749394274055
-0.24999999979303944,0.3944444476316373
-0.34999999723264147,0.39285714072840555
-0.06296296307334194,0.24074074294832018
0.06666666766007741,0.06666666766007741
-0.11666666881905662,0.20555555944641432
0.19374999916180968,0.31875000102445483
0.699999988079071,0.699999988079071
0.07500000111758709,0.07500000111758709
0.0666666647626294,0.30000000157290035
0.012500000186264515,0.06250000093132257
-0.12857143155166081,0.18571428954601288
-0.10126582594423354,0.32278481319169455
-0.4111111139257749,0.500000005794896
-0.10000000091699454,0.3153846183648476
0.04823529407674191,0.16745098201083203
-0.15000000223517418,0.2500000037252903
0.11379310103326008,0.3620689673156574
-0.14999999292194843,0.2999999951571226
0.3230769233061717,0.3846153857616278
0.09333333571751913,0.2666666726271311
0.02500000037252903,0.07500000111758709
0.04999999701976776,0.2699999988079071
-0.1750000067986548,0.4625000045634806
0.12000000476837158,0.20000000596046447
0.03090908960862593,0.30363636694171214
0.1750000026077032,0.1750000026077032
0.026666664663288327,0.3266666688024998
-0.1382165629487888,0.3114649720347611
-0.16363636742938648,0.3090909150513736
-0.20000000429504058,0.4117647133329335
0.08461538358376576,0.33076922652813107
-8.27842288547092e-10,0.15555555870135626
-0.06500000059604645,0.24500000104308128
-0.09130434789087462,0.2913043528147366
0.30000001192092896,0.30000001192092896
-0.012631579527729435,0.370526316997252
0.04444444262319141,0.20000000049670538
-0.09999999829701015,0.18571428528853826
-0.08333333705862363,0.15000000471870104
-0.14166667001942793,0.2583333371828
0.20937500110206506,0.2781250016608586
-0.0541666685603559,0.3041666694916785
-0.36666667213042575,0.36666667213042575
-0.05220125840519959,0.3238993741618762
0.2000000011175871,0.2000000011175871
-0.08076923655775878,0.38846154482318807
-0.018181822855364193,0.4090909067202698
0.1406249995343387,0.3468750030733645
0.03333333507180214,0.13333333656191826
0.09230769139069778,0.18461538622012505
-0.015000002179294824,0.3400000042282045
0.19999999552965164,0.32857142708131243
0.011111109620994992,0.1666666708058781
-0.1503496533194622,0.309790213885424
-0.242857141154153,0.6142857159887042
0.1599999949336052,0.23999999612569808
-0.043333336462577185,0.36333333427707354
-0.07540983529608758,0.31311475662667243
0.1050000000745058,0.27500000335276126
0.050000001986821495,0.15000000347693762
-0.13750000204890966,0.23750000353902578
-0.09999999983443154,0.2555555577079455
-0.30000000943740207,0.30000000943740207
0.07159863717752654,0.3256802726536989
0.03999999910593033,0.22666666358709336
-0.006000002771615982,0.3900000031292439
0.051162790333808855,0.32325581487181576
-0.24285714221852167,0.4142857133632615
0.1666666716337204,0.1666666716337204
0.0,0.13333333532015482
0.022727273065935482,0.2227272746915167
0.007758619520684768,0.31465517440489654
0.01250000266979138,0.36250000167638063
-0.15000000516218798,0.34285714716783594
0.2999999951571226,0.2999999951571226
-0.13658536734377466,0.29756097840826684
-0.07181818234649572,0.393636366115375
-0.06491227996976752,0.27894736904846995
0.0,0.10000000149011612
0.05714286118745804,0.25714285778147833
0.1560000003874302,0.3040000046789646
-0.029665073638327384,0.2717703378371645
-0.2500000037252903,0.29000000432133677
-0.15714285522699356,0.3000000002128737
0.049999999503294625,0.18333333730697632
-0.045000003091990946,0.38000000175088644
0.033333333830038704,0.10000000149011612
0.07999999448657036,0.39999999925494195
-0.08750000409781933,0.31250000558793545
0.10000000255448478,0.10000000255448478
-0.03999999612569809,0.4933333372076352
-0.03749999776482582,0.13749999925494194
-0.08333333333333333,0.2500000049670537
0.21249999664723873,0.3874999936670065
0.08914728601311528,0.30465116577092993
0.19142856619187765,0.4314285697681563
-0.14285714072840555,0.19999999872275762
0.016666666915019352,0.08333333457509677
-0.03749999776482582,0.1875
-0.010714288534862655,0.267857146316341
-0.07142857781478337,0.2714285786662783
0.06000000536441803,0.34000000059604646
-0.028571430327636854,0.3035714320306267
-0.26666667064030963,0.26666667064030963
-0.2666666621963183,0.37333333243926364
-0.02739726088634909,0.35068493367057957
0.03939393913429795,0.3969696978615089
0.4000000096857548,0.4000000096857548
-0.02499999850988388,0.25000000558793545
-0.02812500181607902,0.2468750027474016
-0.07499999878928065,0.33125000167638063
0.11818182129751552,0.2636363689195026
-0.030303032786557167,0.24242424445621896
0.01940298525255118,0.3388059713057618
0.020000000298023225,0.2866666719317436
0.10769230385239308,0.4615384623981439
-0.17368420527169579,0.29999999819617523
0.4749999977648258,0.4749999977648258
-0.07333333467443784,0.3200000025331974
0.0,0.10000000149011612
0.10714285554630416,0.20714285703642027
0.24736841846453517,0.3105263157110465
0.13750000298023224,0.25000000558793545
0.07475727962926754,0.3116504879107753
0.24482758728594617,0.38275862228253793
-0.20212765878185313,0.3127659592539706
-0.18000000081956385,0.31000000424683094
0.23333333432674408,0.2777777794334624
-0.07777777686715126,0.2888888911240631
0.06923077026238808,0.1615384639455722
-0.038461537315295294,0.23846154373425704
0.012903224797018113,0.3548387108791259
-0.08571428516689612,0.322448979835121
-0.07307692387929329,0.3884615422441409
0.23999999612569808,0.23999999612569808
0.17777777752942509,0.3666666667494509
-0.06562499841675162,0.34062500204890966
0.09120879093041787,0.403296705867563
0.12857143048729217,0.15714285948446818
-0.241935484832333,0.4225806497758435
-0.04285714456013271,0.271428576537541
-0.1335443060232114,0.32088607992929746
0.1600000023841858,0.1600000023841858
0.14705882528248956,0.30000000315554004
0.0,0.11428571598870414
-0.04666666438182195,0.393333338201046
0.10000000149011612,0.10000000149011612
-1.3546510176225142e-09,0.20000000298023224
-0.05454545468091965,0.2000000009482557
-0.1571428616132055,0.27142857760190964
-0.09999999829701015,0.21428571428571427
0.3749999962747097,0.3749999962747097
-0.016666668156782787,0.23888889203468958
-0.04615384913407839,0.2769230776108228
0.2000000008514949,0.26666666922115145
-0.1488000020980835,0.2928000041246414
-0.021804510426700563,0.30451128043626485
0.1750000026077032,0.1750000026077032
-0.012500000186264515,0.2125000050291419
-0.0909090895544399,0.5090909044850956
-0.030000000074505807,0.26000000201165674
-0.05384615579476723,0.4538461525852864
-0.05384615178291614,0.26923077266949874
0.1454545401714065,0.38181818141178653
-0.20000000298023224,0.20000000298023224
0.0,0.13333333532015482
0.06666666766007741,0.06666666766007741
-0.050000005534717014,0.37857142835855484
-0.16000000536441802,0.24000000655651094
-0.04545454477721995,0.28181818601759995
0.2749999947845936,0.2749999947845936
0.054545455358245155,0.3636363643136891
0.02500000037252903,0.07500000111758709
0.1157676362088607,0.2477178453966295
-0.08817204376382212,0.3870967773179854
-1.241763432820638e-09,0.13333333656191826
0.1833333329608043,0.2833333356926839
-0.020000001788139342,0.10000000298023223
-0.017241381108760834,0.3206896595656872
-0.05312500207219273,0.3265625040512532
0.06732673293883258,0.3504950510393275
0.09431818093765866,0.3458333346202518
0.10491803282352745,0.37868852589706903
0.17999999672174455,0.3600000008940697
0.010398612394799805,0.29670710844896486
0.13939393774578065,0.3484848497266119
-0.09107143019459077,0.4160714339730995
-0.06818181866562212,0.32142857375083034
0.19126983956685142,0.35952381009147283
0.10000000149011612,0.1777777804268731
0.02666666656732559,0.26666666716337206
0.0928571421120848,0.34857142876301495
-0.02656250004656613,0.3265625031199306
-0.015629139739946025,0.3377483466208376
-0.03333333272624899,0.25555555715605066
0.08181818190849188,0.31414141709154303
0.017391304175059002,0.2985507282225982
0.05154638921784371,0.37731958779784824
0.04285714243139539,0.2928571456245014
-0.13883495309109828,0.36601942133845633
-0.007692310385979139,0.39999999879644466
-0.03636364164677533,0.309090911664746
0.15217391120782797,0.32028985617385397
-0.016666668156782787,0.18333333730697632
0.02631578908154839,0.22631579441459557
0.10000000149011612,0.10000000149011612
-0.6499999910593033,0.6499999910593033
-0.043749998323619366,0.38125000055879354
-0.07129909555087277,0.3383685825139374
0.008823529104976094,0.27352941671715064
-0.10500000230967999,0.4450000021606684
-0.021052636990421696,0.4526315829471538
-0.024999999130765598,0.1583333369344473
0.012871285623843126,0.3000000015933915
0.18000000566244126,0.18000000566244126
0.0736434086579685,0.32945736618929133
0.17222222106324303,0.3611111102832688
0.0,0.0
-0.14999999962747096,0.4150000035762787
0.17857142750705993,0.23571428656578064
-0.800000011920929,0.800000011920929
-0.06666666766007741,0.06666666766007741
0.27500000409781933,0.27500000409781933
-0.10000000134953912,0.343396229001711
0.09999999403953552,0.5
-0.46000000536441804,0.46000000536441804
-0.21428571960755757,0.27142857760190964
0.033913043335728026,0.3000000035633212
-0.1653846184221598,0.30000000475690913
0.03636363080956719,0.4363636421886357
-0.1800000011920929,0.3400000035762787
0.05000000074505806,0.10000000149011612
0.008333335320154825,0.3333333358168602
-0.019999998807907104,0.27333333690961203
-0.11718750081490725,0.39531250146683306
-0.13684210599514476,0.3368421076682576
-0.012328767000812374,0.28356164530532
-0.08219178255698452,0.3452054830650761
-0.07142857185431889,0.3914285715137209
-0.04285714456013271,0.18571428954601288
-0.20499999932944774,0.524999999627471
0.020000000298023225,0.06000000089406967
-0.23333333805203438,0.46666666741172474
0.3499999940395355,0.3499999940395355
-0.16666667411724725,0.30000000943740207
0.11666666840513547,0.2500000037252903
-0.06000000238418579,0.2200000047683716
0.35499999299645424,0.5049999967217446
0.03333333714140786,0.3888888930281003
0.1333333378036817,0.1333333378036817
-0.375,0.375
0.12333333243926366,0.28666666721304257
0.22999999821186065,0.3900000028312206
-0.12134146358726955,0.27256097830832005
0.040000006556510925,0.32000000178813937
-0.11250000167638063,0.33749999571591616
-0.10000000149011612,0.22000000327825547
0.4000000059604645,0.4000000059604645
-0.13999999910593033,0.41999999433755875
-0.06666666517655055,0.2888888940215111
-0.30000001192092896,0.30000001192092896
-0.013043481370677118,0.3173913042182508
0.10000000149011612,0.10000000149011612
-0.14222222268581391,0.34666666984558103
0.03921568569015054,0.35098039548771054
-0.01111111044883728,0.3222222278515498
-0.12500000186264515,0.3250000048428774
-0.14117647093885086,0.294117651441518
-0.5999999940395355,0.5999999940395355
-0.2600000023841858,0.2600000023841858
0.5,0.5
0.10000000149011612,0.10000000149011612
0.2000000017384688,0.23333333556850752
0.6500000059604645,0.6500000059604645
0.07254901878974017,0.27450980509028716
0.09537953753085814,0.3019802007246332
-0.004347824532052745,0.38695652394191077
0.0829268308674417,0.29756097677277354
-0.07826087170321008,0.2782608727398126
-0.5,0.5
-0.263636362823573,0.4090909104455601
0.0,0.10000000149011612
-0.2285714287843023,0.28571428677865435
-0.15555555414822367,0.3111111145052645
-0.08000000417232514,0.16000000536441802
-0.1560810838096045,0.31824324717996894
-0.053333336611588796,0.2666666681567828
0.5999999940395355,0.5999999940395355
0.10000000149011612,0.10000000149011612
0.11666666840513547,0.11666666840513547
-0.00833333283662796,0.20833333333333334
